layout_spectrum: 1
color:
  saturation: 0.8732183
  lightness: 0.3450506
  brandStrength: 0.8883312
  rhythmicContrast: 0.1700504
typography_spectrum: 0.5220723
name: los-gelassen
